
26039449
26039448
26016008
25955201
25651180
25533479
25470551
25470549
25470545
25470542
25456740
25444678
25440054
25440051
25440050
25185943
25176149
25025111
24988457
24988456
24988454
24954418
24954415
24930973
24930970
24910243
24910242
24896536
24896535
24896534
24896533
24882067
24882066
24856932
24856931
24856929
24836562
24836561
24836560
24836559
24814484
24814483
24814482
24807222
24807221
24807219
24794976
24794975
24768298
24768297
24746806
24746805
24726386
24726384
24726383
24709624
24703703
24703701
24703700
24703699
24703698
24703695
24703693
24703692
24703691
24703688
24630814
24630813
24630812
24606906
24606904
24606903
24606900
24606898
24606897
24606896
24561262
24561261
24561260
24508508
24508507
24506873
24506870
24506869
24506868
24506867
24506866
24506865
24506864
24506862
24506861
24440038
24440036
24411943
24411942
24411941
24411940
24411938
24411937
24374218
24374217
24361012
24315375
24315374
24315373
24315372
24315371
24315368
24315367
24315365
24315364
24268737
24268736
24239569
24239568
24206666
24206665
24206663
24206662
24206661
24206660
24140020
24120943
24120942
24093681
24093679
24093677
24093676
24093671
24093670
24055102
24035588
24011077
24011076
24011075
24011074
24011073
24011072
24011071
24011068
24011067
24011066
23973332
23954640
23954639
23931755
23931753
23931749
23891004
23823483
23823482
23823481
23823480
23823479
23823477
23823476
23823474
23823473
23823470
23791484
23770128
23747254
23747253
23747251
23747250
23747249
23747248
23747247
23747244
23747243
23747242
23707074
23707073
23684624
23684622
23663742
23663740
23663738
23663732
23623749
23623748
23602448
23583168
23562080
23562078
23562077
23562076
23562072
23562070
23541372
23499423
23473038
23473037
23473036
23473035
23473034
23473032
23473030
23473029
23473028
23473025
23416069
23395176
23395175
23395174
23395173
23395172
23395171
23395168
23395167
23395165
23395163
23312289
23312288
23312286
23312285
23312283
23312282
23312281
23312280
23312277
23274086
23217262
23217260
23217259
23217258
23217257
23217253
23217252
23168220
23168219
23140645
23140644
23140643
23123165
23122660
23102619
23102618
23085101
23063552
23040073
23040072
23040070
23040069
23040068
23040067
23040066
23040064
23000402
22982021
22958921
22958919
22958918
22958915
22940198
22883234
22883233
22883232
22883231
22883230
22866335
22866334
22863804
22841573
22768843
22768842
22768841
22768839
22768837
22768836
22768835
22768831
22727014
22704678
22682227
22682225
22682224
22682223
22682222
22682221
22682216
22633452
22632897
22608008
22608007
22560226
22560225
22560224
22560223
22560222
22560221
22560220
22560219
22560218
22560216
22560214
22560213
22560212
22560210
22560209
22560207
22560206
22503562
22482732
22482731
22482730
22482727
22482723
22465074
22445600
22440612
22405074
22405072
22405071
22405070
22405069
22405068
22405066
22405064
25960695
22342700
22326225
22326224
22326223
22326222
22326221
22326220
22326219
22326218
22326217
22285542
22245570
22244528
22225880
22225878
22225877
22197325
22197324
22152306
22152305
22152304
22152303
22152302
22100408
22100407
22078933
22055506
22055505
22055504
22055503
22055502
22055501
22019086
22019085
22000927
22000926
21982743
21982715
21982714
21982713
21982712
21982711
21982710
21982709
21982707
21982706
21982705
21982702
21982701
21907147
21907146
21907143
21907141
21907139
21907138
21907137
21907134
21907133
21803296
21803295
21803292
21803291
21803290
21803289
21803288
21803286
21803284
21803282
21723511
21723509
21723507
21723506
21723505
21723504
21723503
21723502
21723501
21723500
21723499
21723498
21723497
21641555
21641554
21641552
21641551
21641550
21641549
21641548
21641547
21641546
21641545
21641544
21641543
21641542
21641540
21531340
21531339
21531336
21531334
21531332
21531331
21459332
21459331
21459330
21459329
21459326
21459323
21459322
21459321
21459317
21356523
21356522
21356521
21356520
21356518
21356517
21356515
21356514
21356512
21356511
21284989
21284988
21284986
21284985
21284983
21284981
21284977
21284976
21195353
21195352
21195350
21195349
21195347
21195346
21195345
21195341
21109200
21109199
21109197
21109196
21109195
21109194
21109193
21109192
21109191
21109190
21109189
21109188
21109186
21035764
21035763
21035761
21035760
21035758
21035756
21035755
20889132
20889131
20889125
20889123
20816095
20816092
20816091
20816089
20816086
20816084
20674862
20674861
20674860
20674858
20674856
20674854
20620999
20620998
20620997
20620996
20620995
20620994
20620993
20620991
20519125
20519124
20519122
20519121
20519119
20519118
20444421
20444420
20444419
20444418
20444417
20417156
20399150
20374964
20374962
20374961
20374958
20374957
20197056
20197055
20197054
20197053
20197052
20142103
20142102
20142101
20142100
20142099
20142098
20085730
20085728
20074531
20074530
20074529
20074528
20074526
20074525
19945409
19945407
19945406
19945405
19945403
19945402
19883620
19883619
19883618
19883617
19883616
19883615
19883613
19808024
19808022
19808020
19808019
19808018
19723499
19723497
19723493
19656493
19656490
19656489
19656487
19583954
19583953
19583951
19583950
19583949
19490910
19490909
19490908
19490907
19490905
19490904
19416717
19416716
19416713
19416709
19356717
19356716
19356715
19356714
19356713
19356710
19254573
19254572
19254571
19254570
19254568
19254567
19187773
19187770
19147412
19117548
19117547
19117546
19117544
19046568
19041768
19041767
19041766
19041765
19041763
19041762
18976966
18840364
18840361
18840360
18840359
18840358
18762025
18762023
18762020
18762017
18680715
18680714
18680713
18680712
18680709
18599363
18590694
18590693
18590691
18590687
18585098
18522836
18522835
18522834
18522833
18522831
18522830
18522829
18460336
18460335
18460334
18460333
18460332
18396140
18396137
18396136
18396128
18316031
18316030
18316027
18316026
18249177
18249175
18249174
18249173
18249172
18177728
18054319
18054314
17983585
17983582
17983580
17983579
17983576
17908558
17908555
17767910
17767909
17767906
17767905
17767904
17681148
17681146
17618855
17488640
17488634
17403375
17403374
17403372
17403371
17403370
17276357
17276352
17276351
17189208
17189207
17189204
17141629
17141628
17011503
17011499
16950138
16814734
16814732
16814729
16814725
16581006
16581002
16581001
16330322
16330319
16213227
16054088
16054081