
25959674
25959673
25955212
25955211
25955210
25955209
25955208
25955207
25955206
25955205
25955204
25955203
25955202
25955201
25955200
25955199
25955198
25955197
25921091
25921090
25863253
25863252
25863251
25863250
25863249
25863248
25863247
25863246
25863245
25863244
25863243
25863242
25863241
25863240
25863239
25817536
25817535
25738464
25738463
25738462
25738461
25738460
25738459
25738458
25738457
25738456
25738455
25738454
25738453
25738452
25738451
25738450
25662404
25651185
25651184
25651183
25651182
25651181
25651180
25651179
25651178
25651177
25651176
25651175
25651174
25651173
25651172
25651171
25651170
25651169
25651168
25651167
25651166
25640731
25600785
25565211
25565210
25565209
25565208
25565207
25565206
25565205
25565204
25565203
25565202
25565201
25565200
25565199
25543293
25533479
25470552
25470551
25470550
25470549
25470548
25470547
25470546
25470545
25470544
25470543
25470542
25470541
25470540
25470539
25470537
25456741
25456740
25456739
25456738
25456737
25453189
25448702
25448701
25448700
25444678
25440061
25440060
25440059
25440058
25440057
25440056
25440055
25440054
25440053
25440052
25440051
25440050
25440049
25440048
25307860
25295789
25295788
25295787
25295786
25295785
25295784
25295783
25295782
25295781
25295780
25284742
25264247
25264246
25242226
25242225
25200183
25185947
25185946
25185945
25185944
25185943
25185942
25176150
25176149
25176148
25176147
25176146
25156450
25156449
25130400
25130399
25127354
25127353
25100065
25100064
25100063
25100062
25100061
25100060
25100059
25100058
25100057
25100056
25100055
25088301
25066056
25066055
25043817
25043816
25043815
25043814
25025111
25017943
25017942
25002183
24998914
24998913
24988458
24988457
24988456
24988455
24988454
24988453
24981838
24981837
24981836
24981835
24954418
24954417
24954416
24954415
24930973
24930972
24930971
24930970
24910243
24910242
24896537
24896536
24896535
24896534
24896533
24882067
24882066
24856932
24856931
24856930
24856929
24836562
24836561
24836560
24836559
24814484
24814483
24814482
24814481
24807223
24807222
24807221
24807220
24807219
24807218
24794976
24794975
24794974
24768298
24768297
24746806
24746805
24746804
24726386
24726385
24726384
24726383
24709624
24703704
24703703
24703702
24703701
24703700
24703699
24703698
24703697
24703696
24703695
24703694
24703693
24703692
24703691
24703690
24703689
24703688
24630814
24630813
24630812
24606906
24606905
24606904
24606903
24606902
24606901
24606900
24606899
24606898
24606897
24606896
24606895
24606894
24606893
24606892
24606891
24561263
24561262
24561261
24561260
24508508
24508507
24508506
24508505
24506874
24506873
24506872
24506871
24506870
24506869
24506868
24506867
24506866
24506865
24506864
24506863
24506862
24506861
24506860
24440038
24440037
24440036
24411943
24411942
24411941
24411940
24411939
24411938
24411937
24411936
24411935
24411934
24374218
24374217
24361012
24361011
24332968
24332967
24315375
24315374
24315373
24315372
24315371
24315370
24315369
24315368
24315367
24315366
24315365
24315364
24268737
24268736
24239569
24239568
24209772
24206666
24206665
24206664
24206663
24206662
24206661
24206660
24206659
24206658
24140021
24140020
24120943
24120942
24093682
24093681
24093680
24093679
24093678
24093677
24093676
24093675
24093674
24093673
24093672
24093671
24093670
24055102
24055101
24035588
24035587
24011078
24011077
24011076
24011075
24011074
24011073
24011072
24011071
24011070
24011069
24011068
24011067
24011066
24011065
23973332
23973331
23954640
23954639
23931760
23931759
23931758
23931757
23931756
23931755
23931754
23931753
23931752
23931751
23931750
23931749
23931748
23891004
23850316
23850315
23823483
23823482
23823481
23823480
23823479
23823478
23823477
23823476
23823475
23823474
23823473
23823472
23823471
23823470
23791484
23791483
23770129
23770128
23747254
23747253
23747252
23747251
23747250
23747249
23747248
23747247
23747246
23747245
23747244
23747243
23747242
23747241
23747240
23747239
23747238
23747237
23707074
23707073
23684624
23684623
23684622
23663743
23663742
23663741
23663740
23663739
23663738
23663737
23663736
23663735
23663734
23663733
23663732
23663731
23623749
23623748
23602450
23602449
23602448
23583169
23583168
23562081
23562080
23562079
23562078
23562077
23562076
23562075
23562074
23562073
23562072
23562071
23562070
23541372
23541371
23499424
23499423
23473039
23473038
23473037
23473036
23473035
23473034
23473033
23473032
23473031
23473030
23473029
23473028
23473027
23473026
23473025
23416070
23416069
23395176
23395175
23395173
23395172
23395171
23395170
23395169
23395168
23395167
23395166
23395165
23395164
23395163
23395162
23352188
23312289
23312288
23312287
23312286
23312285
23312284
23312283
23312282
23312281
23312280
23312279
23312278
23312277
23312276
23274086
23274085
23217262
23217261
23217260
23217259
23217258
23217257
23217256
23217255
23217254
23217253
23217252
23217251
23177934
23168220
23168219
23140645
23140644
23140643
23140642
23140641
23140640
23140639
23140638
23140637
23140636
23123165
23122660
23102619
23102618
23085101
23063552
23045728
23040073
23040072
23040071
23040070
23040069
23040068
23040067
23040066
23040065
23040064
23040063
23000402
23000401
22982022
22982021
22958922
22958921
22958920
22958919
22958918
22958917
22958916
22958915
22940198
22921416
22921415
22902836
22902835
22883234
22883233
22883232
22883231
22883230
22883229
22883228
22883227
22883226
22883225
22866335
22866334
22863805
22863804
22841573
22841572
22819524
22795476
22768844
22768843
22768842
22768841
22768840
22768839
22768838
22768837
22768836
22768835
22768834
22768833
22768832
22768831
22727014
22704678
22682227
22682226
22682225
22682224
22682223
22682222
22682221
22682220
22682219
22682218
22682217
22682216
22633452
22632897
22608008
22608007
22560226
22560225
22560224
22560223
22560222
22560221
22560220
22560219
22560218
22560217
22560216
22560215
22560214
22560213
22560212
22560211
22560210
22560209
22560208
22560207
22560206
22560205
22521878
22503562
22482732
22482731
22482730
22482729
22482728
22482727
22482726
22482725
22482724
22482723
22482722
22482721
22465074
22465073
22445600
22440612
22405075
22405074
22405073
22405072
22405071
22405070
22405069
22405068
22405067
22405066
22405065
22405064
22405063
22405061
22405059
25960695
22342702
22342701
22342700
22326225
22326224
22326223
22326222
22326221
22326220
22326219
22326218
22326217
22326216
22326215
22326214
22326213
22285542
22245570
22244528
22225880
22225879
22225878
22225877
22225876
22225875
22225874
22225873
22225872
22225871
22225870
22225869
22225868
22225867
22197325
22197324
22152306
22152305
22152304
22152303
22152302
22152301
22152300
22152299
22152297
22100409
22100408
22100407
22100406
22078933
22055506
22055505
22055504
22055503
22055502
22055501
22055500
22055499
22055498
22019086
22019085
22000927
22000926
21982743
21982742
21982715
21982714
21982713
21982712
21982711
21982710
21982709
21982708
21982707
21982706
21982705
21982704
21982703
21982702
21982701
21907147
21907146
21907145
21907144
21907143
21907142
21907141
21907140
21907139
21907138
21907137
21907136
21907135
21907134
21907133
21907132
21803297
21803296
21803295
21803294
21803293
21803292
21803291
21803290
21803289
21803288
21803287
21803286
21803285
21803284
21803283
21803282
21803281
21723511
21723510
21723509
21723508
21723507
21723506
21723505
21723504
21723503
21723502
21723501
21723500
21723499
21723498
21723497
21723496
21641555
21641554
21641553
21641552
21641551
21641550
21641549
21641548
21641547
21641546
21641545
21641544
21641543
21641542
21641541
21641540
21531342
21531341
21531340
21531339
21531338
21531337
21531336
21531335
21531334
21531333
21531332
21531331
21531330
21531329
21459332
21459331
21459330
21459329
21459328
21459327
21459326
21459325
21459324
21459323
21459322
21459321
21459320
21459319
21459318
21459317
21459315
21356523
21356522
21356521
21356520
21356519
21356518
21356517
21356516
21356515
21356514
21356513
21356512
21356511
21356510
21284989
21284988
21284987
21284986
21284985
21284984
21284983
21284982
21284981
21284980
21284979
21284978
21284977
21284976
21284975
21195353
21195352
21195351
21195350
21195349
21195348
21195347
21195346
21195345
21195344
21195343
21195342
21195341
21195340
21109200
21109199
21109198
21109197
21109196
21109195
21109194
21109193
21109192
21109191
21109190
21109189
21109188
21109187
21109186
21109185
21035764
21035763
21035762
21035761
21035760
21035759
21035758
21035757
21035756
21035755
21035754
21035753
21035752
21035751
21035749
20889132
20889131
20889130
20889129
20889128
20889127
20889126
20889125
20889124
20889123
20889122
20889121
20889118
20816095
20816094
20816093
20816092
20816091
20816090
20816089
20816088
20816087
20816086
20816085
20816084
20816083
20727829
20674864
20674863
20674862
20674861
20674860
20674859
20674858
20674857
20674856
20674855
20674854
20674853
20620999
20620998
20620997
20620996
20620995
20620994
20620993
20620992
20620991
20620990
20620989
20620988
20620987
20519126
20519125
20519124
20519123
20519121
20519120
20519119
20519118
20519117
20519116
20519115
20519114
20444422
20444421
20444420
20444419
20444418
20444417
20444416
20444415
20444414
20444413
20417156
20399150
20374965
20374964
20374963
20374962
20374961
20374960
20374959
20374958
20374957
20374956
20374955
20374954
20374953
20374952
20374951
20197056
20197055
20197054
20197053
20197052
20197051
20197050
20197049
20197048
20197047
20142103
20142102
20142101
20142100
20142099
20142098
20142097
20096642
20085732
20085731
20085730
20085729
20085728
20074531
20074530
20074529
20074528
20074527
20074526
20074525
20074524
20005181
19945409
19945408
19945407
19945406
19945405
19945404
19945403
19945402
19945401
19945400
19945399
19883620
19883619
19883618
19883617
19883616
19883615
19883614
19883613
19883612
19883611
19808025
19808024
19808023
19808022
19808021
19808020
19808019
19808018
19808017
19808016
19808015
19808014
19723499
19723498
19723497
19723496
19723495
19723494
19723493
19723492
19723491
19723490
19656493
19656492
19656491
19656490
19656489
19656488
19656487
19656486
19656485
19656484
19656483
19656482
19583955
19583954
19583953
19583952
19583951
19583950
19583949
19583948
19583947
19583946
19583945
19490910
19490909
19490908
19490907
19490906
19490905
19490904
19490903
19490902
19490901
19416717
19416716
19416715
19416714
19416713
19416712
19416711
19416710
19416709
19416708
19416707
19356719
19356718
19356717
19356716
19356715
19356714
19356713
19356712
19356711
19356710
19356709
19254573
19254572
19254571
19254570
19254569
19254568
19254567
19254566
19254565
19254564
19187776
19187775
19187774
19187773
19187772
19187771
19187770
19187769
19187768
19147412
19117550
19117549
19117548
19117547
19117546
19117545
19117544
19117543
19117542
19117541
19117540
19117539
19117538
19046574
19046573
19046572
19046571
19046570
19046569
19046568
19046567
19046566
19046565
19041768
19041767
19041766
19041765
19041764
19041763
19041762
19041761
19041760
19041759
19041758
18976966
18840364
18840363
18840362
18840361
18840360
18840359
18840358
18840357
18840356
18840355
18762027
18762026
18762025
18762024
18762023
18762022
18762021
18762020
18762019
18762018
18762017
18762016
18762014
18680716
18680715
18680714
18680713
18680712
18680711
18680710
18680709
18599363
18590694
18590693
18590692
18590691
18590690
18590689
18590688
18590687
18590686
18590685
18590684
18585098
18522836
18522835
18522834
18522833
18522832
18522831
18522830
18522829
18522828
18522827
18522826
18522825
18460336
18460335
18460334
18460333
18460332
18460331
18460330
18460329
18460328
18460327
18460326
18460325
18460324
18396141
18396140
18396139
18396138
18396137
18396136
18396135
18396134
18396133
18396132
18396131
18396130
18396129
18396128
18316032
18316031
18316030
18316029
18316028
18316027
18316026
18316025
18316024
18316023
18316022
18316021
18316020
18249177
18249176
18249175
18249174
18249173
18249172
18249171
18249170
18249169
18249168
18249167
18249166
18177728
18177727
18177726
18177725
18177724
18177723
18177722
18177721
18177720
18177719
18177718
18177717
18054319
18054318
18054317
18054316
18054315
18054314
18054313
18054312
18054311
18054310
17983587
17983586
17983585
17983584
17983583
17983582
17983581
17983580
17983579
17983578
17983577
17983576
17908561
17908560
17908559
17908558
17908557
17908556
17908555
17908554
17908553
17908552
17908551
17767910
17767909
17767908
17767907
17767906
17767905
17767904
17767903
17767902
17767901
17767900
17681150
17681149
17681148
17681147
17681146
17681145
17681144
17681143
17681142
17681141
17618858
17618857
17618856
17618855
17618854
17618853
17618852
17618851
17618850
17550782
17550781
17550780
17550779
17550778
17550777
17550776
17550775
17550774
17550773
17488641
17488640
17488639
17488638
17488637
17488636
17488635
17488634
17488633
17403375
17403374
17403373
17403372
17403371
17403370
17403369
17403368
17403367
17403366
17339029
17339028
17339027
17339026
17339025
17339024
17339023
17339022
17339021
17276357
17276356
17276355
17276354
17276353
17276352
17276351
17276350
17276349
17276348
17211937
17189208
17189207
17189206
17189205
17189204
17189203
17189202
17189201
17189200
17189199
17141632
17141631
17141630
17141629
17141628
17141627
17141626
17141625
17141624
17141623
17141622
17084713
17084712
17084711
17084710
17084709
17084708
17084707
17084706
17084705
17055784
17011505
17011504
17011503
17011502
17011501
17011500
17011499
17011498
17011497
17011496
16950141
16950140
16950139
16950138
16950137
16950136
16950135
16950133
16950132
16890544
16890543
16890542
16890541
16890540
16890539
16890538
16890537
16890536
16890535
16814735
16814734
16814733
16814732
16814731
16814730
16814729
16814728
16814727
16814726
16814725
16814724
16753580
16753579
16753578
16753577
16753576
16753575
16753574
16753573
16753572
16697276
16679295
16679294
16679293
16679292
16679291
16679290
16679289
16679288
16679287
16679286
16581006
16581005
16581004
16581003
16581002
16581001
16581000
16580999
16580998
16517409
16517408
16517407
16517406
16517405
16517404
16517403
16517402
16517401
16517400
16459315
16459314
16459313
16459312
16459311
16459310
16459309
16459308
16459307
16459306
16399506
16399505
16399504
16399503
16399502
16399501
16399500
16399499
16399498
16399497
16330327
16330326
16330325
16330324
16330323
16330322
16330321
16330320
16330319
16330318
16330317
16330315
16271533
16271532
16271531
16271530
16271529
16271528
16271527
16271526
16271525
16271524
16213228
16213227
16213226
16213225
16213224
16213223
16213222
16213221
16154102
16154101
16154100
16154099
16154098
16154097
16154096
16098831
16098830
16098829
16098828
16098827
16098826
16098825
16098824
16098823
16098822
16054100
16054099
16054098
16054097
16054096
16054095
16054094
16054093
16054092
16054091
16054090
16054089
16054088
16054087
16054086
16054085
16054084
16054083
16054082
16054081
16054080
16054079
16054078
16054077
16054076
16054075
16054074
16054073
16054072
16054071
16054070
16054069
16054068
16054067
16054066
16054065
16054064
16054063
16054062
16054061
16054060
16054059
16054058
16054057
16054056
16054055
16054054
16054053
16054052
16054051
16054050
16054049
16054048
16054047
16054046
16054045
16054044
16054043
16054042
16054041
16054040
16054039
16054038