
26046444
26004069
26000481
25984577
25957686
25910207
25879117
25860606
25860602
25799385
25679761
25679759
25662011
25635462
25601460
25543152
25533785
25480301
25480293
25433700
25417168
25417155
25417110
25417107
25303536
25303518
25275164
25259919
25215486
25171413
25171412
25171410
25171407
25171406
25171399
25083873
25083867
24995987
24995986
24995985
24995984
24995983
24995982
24995979
24995978
24995977
24954536
24954535
24949979
24949978
24949977
24949976
24949975
24949974
24949972
24949970
24949968
24949967
24949966
24949965
24930395
24906157
24906156
24906154
24906152
24906151
24906150
24906149
24906148
24906147
24906146
24906145
24906143
24882805
24856970
24856969
24855953
24855951
24855950
24855948
24855947
24855946
24855945
24855944
24855943
24843893
24836610
24813850
24813617
24813616
24813615
24813614
24813613
24813612
24813610
24813608
24813607
24813606
24813602
24792965
24792964
24768691
24766814
24766813
24766812
24766811
24766810
24766809
24766808
24766807
24766806
24766805
24766803
24766801
24746027
24726434
24726433
24725414
24725413
24725412
24725410
24725409
24725408
24725405
24725404
24725402
24725401
24679540
24679539
24679538
24679536
24679535
24679532
24679531
24679530
24679529
24679527
24679525
24679524
24679523
24630731
24630729
24630728
24630727
24630725
24630724
24630723
24630722
24630721
24630718
24612990
24582333
24581503
24581502
24581501
24581500
24581499
24581498
24581495
24581494
24581493
24581492
24581491
24581488
24581486
24529478
24529477
24529384
24529383
24529382
24529381
24529380
24529379
24529378
24529375
24529373
24529371
24507937
24486105
24485463
24485462
24485460
24485458
24485456
24485454
24485453
24485452
24485451
24485449
24462248
24462247
24440334
24439388
24439386
24439385
24439384
24439381
24439380
24439378
24439377
24439376
24439375
24439374
24439373
24439372
24439371
24439370
24439369
24439368
24439367
24361105
24361104
24360282
24360281
24360280
24360279
24360278
24360277
24360276
24360275
24360274
24360272
24360270
24360269
24332913
24315484
24315106
24315105
24315104
24315103
24315102
24315101
24315100
24315099
24315098
24315097
24315094
24315093
24315092
24315087
24290359
24290358
24269006
24267896
24267895
24267894
24267893
24267890
24267889
24267888
24267887
24267886
24267885
24243025
24243024
24243023
24243022
24243021
24243020
24243019
24243017
24243016
24243015
24243014
24243013
24243012
24243010
24210919
24209692
24209627
24209626
24209625
24209623
24209622
24209620
24209617
24209616
24209615
24209614
24183448
24139898
24120142
24120141
24120140
24120139
24120138
24120137
24120136
24120135
24120133
24120132
24120131
24120126
24119843
24119842
24119841
24094650
24075010
24075009
24074871
24074869
24074868
24074867
24074866
24074864
24074862
24074861
24074860
24074859
24074858
24055367
24055366
24035192
24034255
24034254
24034252
24034251
24034250
24034249
24034248
24034247
24034246
24034243
24034241
24012335
23993102
23993100
23993098
23993097
23993096
23993095
23993094
23993093
23993092
23993091
23993090
23992847
23992846
23972393
23954414
23953120
23953118
23953117
23953111
23953110
23953109
23953108
23953107
23953105
23932121
23932120
23911329
23911328
23911326
23911325
23911322
23911321
23911320
23911319
23911318
23911317
23910378
23890821
23890820
23871696
23870131
23870130
23870129
23870128
23870127
23870126
23870125
23870124
23870123
23870122
23870121
23870120
23870116
23849981
23830207
23827685
23827684
23827683
23827682
23827681
23827680
23827679
23827678
23827677
23827676
23827675
23827674
23827673
23827670
23810193
23810192
23791185
23791182
23791181
23791179
23791178
23791177
23791176
23791173
23791172
23791169
23746848
23746847
23746846
23746844
23746843
23746841
23746840
23746839
23746838
23746834
23746833
23746830
23746829
23727112
23706745
23706743
23706742
23706740
23706739
23706737
23706736
23706625
23683578
23664764
23664763
23663786
23663785
23663783
23663782
23663781
23663778
23663777
23663776
23663772
23647843
23643243
23623305
23623304
23622250
23622249
23622248
23622247
23622246
23622245
23622244
23622243
23622242
23622241
23622240
23622235
23616995
23602153
23602152
23582643
23582331
23582330
23582329
23582327
23582326
23582325
23582324
23582323
23582322
23582320
23582318
23562644
23562643
23540702
23540701
23540700
23540699
23540698
23540697
23540696
23540695
23540694
23540693
23540691
23540690
23540689
23540686
23498944
23498943
23498941
23498940
23498938
23498935
23498934
23498931
23498930
23453757
23452861
23452860
23452859
23452854
23452853
23452852
23452851
23452848
23452847
23452846
23452844
23434321
23415457
23415235
23415234
23415233
23415231
23415230
23415228
23415226
23415225
23415224
23415223
23415222
23415221
23415220
23394947
23394946
23375746
23375745
23374354
23374353
23374352
23374350
23374349
23374348
23374346
23374342
23374341
23374340
23374339
23374338
23374337
23374335
23374333
23352431
23352430
23333102
23332767
23332766
23332765
23332762
23332761
23332760
23332759
23332758
23332757
23332755
23332754
23332750
23332748
23332746
23332745
23332744
23313553
23313552
23273992
23260147
23260146
23260144
23260143
23260142
23260139
23260138
23260136
23260135
23245941
23219485
23217717
23217714
23217713
23217712
23217711
23217710
23217708
23217707
23217706
23217704
23217703
23217699
23201143
23201141
23178128
23178127
23178126
23178125
23178124
23178123
23178122
23178121
23178120
23178119
23178118
23178117
23178114
23177352
23159369
23159368
23142051
23141546
23141545
23141544
23141543
23141541
23141540
23141539
23141538
23141537
23141536
23141535
23141534
23141533
23141532
23101633
23101632
23101631
23101630
23101629
23101627
23101626
23101625
23101623
23101622
23101621
23084401
23084400
23063653
23063131
23063130
23063128
23063126
23063124
23063123
23063122
23063121
23063120
23039994
23022319
23021777
23021224
23021223
23021222
23021221
23021220
23021219
23021218
23021217
23021216
23021215
23000270
22981692
22981225
22980986
22980985
22980984
22980983
22980982
22980981
22980980
22980978
22980977
22980976
22980975
22959268
22959267
22959076
22939713
22939629
22939628
22939624
22939623
22939620
22939619
22921915
22921914
22901814
22901813
22901812
22901811
22901810
22901808
22901805
22901804
22901803
22901802
22901799
22901742
22863277
22863014
22863012
22863011
22863010
22863009
22863008
22863007
22863006
22863004
22863003
22863002
22840920
22819539
22817901
22817900
22817899
22817898
22817897
22817896
22817895
22817894
22817893
22817892
22817891
22817890
22817889
22817888
22817887
22817886
22796012
22770222
22770221
22770220
22770219
22770218
22770217
22770215
22770214
22770213
22770211
22770210
22748632
22738726
22738725
22738724
22726445
22726444
22726443
22726442
22726440
22726437
22726436
22726434
22726433
22726429
22704655
22682761
22682255
22682253
22682251
22682250
22682249
22682248
22682246
22682244
22632977
22632976
22632975
22632974
22632973
22632971
22632970
22632969
22632968
22632967
22632966
22608086
22608085
22608084
22608083
22579291
22579290
22579288
22579286
22579283
22579280
22579279
22579045
22579044
22559944
22559943
22541439
22541438
22541437
22541436
22541435
22541433
22541432
22541430
22541428
22541426
22541070
22541069
22521361
22500810
22500809
22500808
22500807
22500803
22500802
22500801
22500800
22500799
22500798
22500797
22464332
22464331
22464329
22464327
22464326
22464325
22464324
22464323
22464322
22464321
22464318
22445172
22424236
22424235
22424234
22424232
22424231
22424230
22424229
22424228
22424225
22424224
22424223
22424222
22424221
22424219
22401813
22386318
22385968
22385966
22385965
22385963
22385962
22385961
22385960
22385959
22385956
22365814
22365813
22341456
22341455
22341451
22341450
22341448
22341447
22341446
22341444
22341443
22341441
22341440
22341439
22341438
22341437
22325148
22305007
22304925
22304924
22304923
22304922
22304921
22304920
22304919
22304918
22304917
22304914
22304913
22304911
22304910
22304909
22265422
22265421
22265420
22265419
22265418
22265417
22265416
22265415
22265412
22265410
22265409
22265408
22265407
22265405
22265404
22265403
22265402
22265401
22265399
22265396
22244452
22225614
22196736
22196735
22196734
22196733
22196732
22196731
22196730
22196729
22196728
22196727
22196726
22196724
22196723
22196722
22177093
22169038
22153083
22153082
22153081
22153080
22153079
22153076
22153075
22153074
22153073
22153072
22153071
22153070
22136875
22119442
22118470
22118469
22118466
22118463
22118462
22118461
22118459
22118457
22078889
22078888
22078887
22078885
22078884
22078883
22078882
22078881
22078880
22078878
22078874
22078496
22056041
22036573
22036572
22036571
22036570
22036569
22036568
22036567
22036566
22036565
22036564
22036563
22036562
22036561
22036560
22036557
22036554
22035958
22000021
22000018
22000017
22000016
22000015
22000014
22000013
22000011
22000009
22000008
22000007
22000006
21982154
21963094
21962519
21962518
21962517
21962516
21962515
21962514
21962513
21962512
21962511
21962510
21962509
21962508
21962507
21962505
21925323
21925322
21925321
21925319
21925318
21925316
21925314
21925312
21925310
21907397
21906795
21889194
21884941
21884940
21884938
21884937
21884935
21884934
21884933
21884932
21871655
21854988
21854986
21854985
21854984
21854983
21854981
21854980
21854979
21835447
21816277
21816276
21816275
21816274
21816272
21816271
21816270
21802130
21784251
21784250
21784249
21784247
21784246
21784245
21784244
21784243
21782231
21757228
21737130
21729788
21729787
21729786
21729785
21729784
21729783
21729782
21729781
21729780
21729779
21729778
21722948
21703455
21703454
21703452
21703450
21703448
21703447
21700325
21664664
21663799
21663798
21663797
21663796
21663795
21663793
21663789
21663787
21640374
21620140
21620138
21620137
21620135
21620134
21620133
21596426
21565617
21565616
21565615
21565614
21565612
21565611
21565610
21565608
21565394
21565393
21549415
21529909
21529718
21529717
21529716
21529715
21529714
21529712
21529711
21529710
21514639
21496894
21496648
21496647
21496646
21496645
21496644
21496642
21496641
21496637
21477851
21458673
21458672
21458670
21458668
21458667
21458665
21458663
21458662
21439629
21414488
21414487
21414486
21414485
21414484
21414483
21414481
21414479
21414478
21414477
21376383
21376239
21376238
21376237
21376235
21376234
21376232
21376231
21376227
21353298
21335241
21335239
21335238
21335237
21335235
21335234
21335233
21335232
21335231
21335230
21333348
21315436
21295703
21295702
21295701
21295700
21295697
21295696
21295692
21277013
21255825
21241896
21241895
21241894
21241893
21241891
21241890
21241889
21241888
21215376
21215375
21215374
21215373
21215372
21215371
21215369
21215368
21215367
21215366
21215365
21185072
21183079
21183078
21183076
21183075
21183074
21183073
21183072
21183071
21183068
21168201
21145579
21145466
21145465
21145464
21145462
21145461
21145460
21145459
21145458
21145457
21145455
21145454
21145450
21129771
21111241
21111240
21111239
21111238
21111237
21111236
21111227
21094524
21074052
21074050
21074049
21074046
21074045
21074044
21074040
21035178
21029866
21029865
21029864
21029863
21029862
21029861
21029859
21029857
20946988
20946987
20946986
20946984
20946982
20946981
20946979
20946978
20933261
20888037
20887899
20887897
20887896
20887895
20887894
20887892
20887891
20887888
20869108
20850176
20850015
20850014
20850013
20850012
20850011
20850009
20850008
20850006
20817278
20813266
20813261
20813259
20813258
20813257
20813254
20813250
20797779
20727575
20723762
20723759
20723758
20723757
20723756
20723754
20705336
20691906
20691905
20691904
20691903
20691902
20691900
20691899
20691898
20691466
20673990
20655472
20655471
20655470
20655468
20655467
20655465
20655462
20655460
20637498
20619447
20617561
20603021
20603020
20603019
20603015
20603014
20603013
20603009
20603007
20603005
20603004
20603003
20603002
20603001
20602999
20602998
20602997
20602996
20602995
20598361
20579721
20550941
20550937
20550936
20550935
20550934
20550933
20550928
20541250
20510932
20510931
20510930
20510929
20510927
20510926
20510925
20510919
20510918
20493519
20478259
20478258
20478257
20478256
20478255
20478253
20478252
20478248
20478246
20451243
20434990
20434989
20434988
20434986
20434984
20434983
20434981
20434207
20434206
20403327
20403326
20403325
20403324
20403320
20398923
20398922
20381137
20371351
20371350
20371348
20371347
20371346
20371345
20371343
20362325
20303881
20303880
20303879
20303878
20303876
20303874
20303870
20303869
20303868
20303157
20211142
20211140
20211139
20211138
20211137
20211136
20211135
20211129
20211127
20178745
20178743
20178742
20178741
20144765
20144761
20144759
20144757
20144754
20141841
20141838
20141837
20141836
20141835
20141834
20141833
20116089
20096447
20085705
20085698
20079333
20074522
20074521
20064380
20064379
20064377
20064376
20064375
20064374
20064372
20064371
20064370
20064367
20005810
20005808
20005807
20005805
20005804
20005802
20005795
20004959
19962179
19945383
19945379
19945378
19945377
19945371
19931152
19914170
19914168
19914167
19914166
19914165
19914164
19914162
19914160
19913287
19896182
19879846
19879845
19879843
19879842
19879839
19879838
19878981
19837040
19837039
19837038
19837035
19837034
19837032
19837031
19837030
19837029
19836068
19818485
19804763
19804762
19804761
19804760
19804758
19804757
19804756
19804755
19804754
19804753
19804752
19781752
19766573
19766572
19766571
19766568
19766567
19766565
19766564
19766558
19765810
19747717
19737525
19737524
19737523
19737522
19737521
19737520
19737515
19737514
19732946
19703402
19703401
19703400
19703398
19703395
19703394
19703392
19703387
19698979
19665979
19665978
19665977
19665976
19665974
19665970
19665969
19665968
19664813
19646743
19632186
19632185
19632183
19632182
19632181
19632179
19632178
19632176
19632175
19631370
19615732
19596245
19596243
19596242
19596241
19596240
19596239
19596238
19596237
19596236
19596235
19596233
19596229
19592082
19576624
19563763
19563761
19563760
19563759
19563758
19563757
19563756
19563755
19563754
19563753
19563746
19524516
19524515
19524513
19524509
19524508
19524507
19524505
19524504
19523676
19523675
19490898
19490895
19490893
19490891
19490890
19450521
19450520
19450519
19450517
19450515
19450514
19450513
19450512
19450511
19446322
19446321
19410549
19410546
19410544
19410543
19410542
19410541
19410539
19410538
19410537
19395010
19395009
19379698
19379697
19379696
19379694
19379693
19379692
19379690
19379689
19379688
19379686
19361851
19345194
19345193
19345192
19345191
19345190
19345188
19345187
19345186
19345185
19344940
19303855
19303854
19303853
19303851
19303850
19303849
19303847
19303846
19303844
19303843
19303136
19269371
19269370
19269369
19269368
19269365
19269364
19269363
19249087
19249086
19239895
19239893
19239892
19239891
19239887
19239886
19239884
19239879
19217150
19203588
19203585
19203583
19203581
19203580
19203576
19167337
19167336
19167335
19167334
19167333
19167330
19167329
19167327
19167326
19167322
19167321
19135898
19135897
19135896
19135893
19135892
19135890
19135889
19135888
19135887
19135882
19135240
19109899
19109898
19109895
19109894
19109893
19109892
19109881
19084269
19084268
19070581
19070580
19070579
19070576
19070574
19070572
19070563
19041756
19041754
19041753
19041752
19041751
19041750
19041749
19041748
19041747
19041746
19041740
19041739
19026441
19013282
19013281
19013280
19013279
19013278
19013277
19013275
19013274
19013269
19012953
18992931
18984166
18984165
18984164
18984160
18984157
18984156
18984155
18984154
18984152
18984150
18984148
18984147
18957207
18957206
18957204
18957203
18957202
18957201
18957200
18957199
18957198
18957196
18957193
18854164
18854163
18854162
18854161
18854158
18854157
18854155
18854154
18854153
18854147
18848351
18805098
18805097
18805095
18805094
18805093
18805092
18805091
18805090
18805089
18805088
18805087
18805086
18775318
18775316
18775315
18775314
18775313
18775312
18775311
18775310
18775309
18775308
18775307
18775304
18724941
18724940
18724938
18724937
18724936
18724935
18724934
18724933
18724932
18722006
18692475
18692474
18692471
18692470
18692469
18692468
18692466
18692465
18692464
18691745
18691744
18674809
18662548
18662547
18662543
18662541
18662540
18662539
18662538
18662537
18614020
18614019
18614018
18614016
18614015
18614014
18614012
18614011
18614010
18614009
18614002
18585360
18585359
18585358
18585357
18585356
18585354
18585353
18585351
18585350
18585345
18555784
18555781
18555780
18555779
18555776
18555774
18555773
18555771
18555768
18555767
18510935
18510933
18510930
18510929
18510928
18510925
18510924
18485879
18485878
18485877
18485875
18485874
18485873
18485872
18485870
18485868
18455991
18455990
18455988
18455987
18455986
18455985
18455983
18455981
18455979
18455978
18455977
18455976
18423832
18423204
18423203
18423202
18423200
18423199
18423198
18423197
18423195
18423194
18394996
18394993
18394992
18394990
18394989
18358816
18358814
18358810
18358809
18358808
18358807
18358806
18342361
18329372
18329367
18295584
18295580
18295576
18295575
18295570
18295569
18267077
18267075
18267069
18267066
18243105
18243104
18243103
18243101
18243100
18243097
18243095
18243090
18191228
18191227
18191225
18191224
18191223
18191222
18191219
18191218
18191214
25221369
18160044
18160041
18160040
18160039
18083106
18083103
18083090
18045541
18045540
18045539
18045537
18045536
18045530
18045529
18045527
18022369
18022368
18022364
18022360
18001825
17981124
17981122
17981120
17956737
17956734
17956730
17923091
17923086
17889655
17889654
17889653
17889652
17889646
17825401
17803915
17803913
17803909
17803907
17803899
17803898
17719549
17719548
17719546
17719541
17693260
17693256
17693254
17693253
17662947
17662944
17662943
17662941
17655922
17632062
17632061
17632057
17604727
17604723
17604720
17604719
17604717
17599402
17574028
17574024
17574023
17574022
17574019
17574014
17570480
17570479
17540178
17540176
17540174
17540167
17512406
17482552
17482550
17482547
17482542
17462724
17448998
17448993
17448988
17442384
17418795
17418784
17412408
17382889
17382888
17382886
17382884
17382880
17350582
17350578
17350575
17350574
17320506
17289577
17289573
17289572
17289571
17289570
17289568
17289566
17254974
17254973
17254971
17254969
17254967
17218261
17218260
17218259
17218255
17218254
17218251
17190607
17190605
17190600
17190599
17174898
17174895
17174893
17174892
17174886
17129787
17129785
17129784
17129781
17110335
17081982
17081980
17081973
17055436
16990134
16959577
16959576
16959571
16901790
16901787
16901782
16873064
16873061
16859740
16814718
16814716
16814713
16777600
16777599
16751107
16647110
16630818
16615895
16615894
16530046
16469707
16469697
16413488
16377568
16360041
16360035
16360034
16325583
16325582
16239150
16239142
16239141
16239133
16213215
16213213
16213210
16179257
16153702
16143104
16143103
16122422
16096063
16096058
16009133
15960980
15960977
15907473
15907467
15882618
15820682
15620359
15607967
15454077
15339666
15163414
15109499
14622595
14567912
12679026
12628185
12526797
12507424
12419243
12372305
12202037
12150996
12062105
12015984
11893341
11832217
11301008
11301000
11163178
11081638
11081634
11057893
10975527
10589682
10555149
10428026
10412985
9827808
9814712
9753323
9590175
9568714
9428523
9363949
9335334
9215629
9160756
9160755
9118218
9054500
9039257
8978616
8752213
7664339
7664337
7606775
7781058
7867069
8001117
7923355
8137432
1547492
1684739
1680567
1833067
1649702
1649007
1848156
2208283
2199063
2139805
2702688
2564316
3046753
3690660
3935318
3926325
2990728
6235918
159130