
26010630
26000661
25988462
25871675
25781440
25756432
25668266
25668262
25647209
25602996
25585337
25562265
25562264
25562259
25536261
25536258
25536257
25536254
25514303
25494006
25486283
25461993
25393378
25387194
25387186
25383564
25369490
25369488
25369486
25344734
25335141
25326637
25326635
25321909
25321908
25291584
25291583
25268440
25247519
25247517
25247511
25182102
25157726
25157724
25138337
25138336
25117130
25058216
25058088
25058085
25051495
25042290
25038357
25038356
25038355
25038348
24938572
24938562
24915266
24915262
24915260
24915259
24915254
24893088
24893087
24893084
24892770
24867013
24867012
24866862
24846037
24846035
24838476
24838406
24825640
24794371
24794370
24794369
24794368
24794367
24756520
24756514
24756505
24737374
24691609
24691607
24682252
24668104
24668103
24633593
24618969
24618965
24618964
24595782
24595780
24595778
24595777
24570259
24570248
24570247
24549550
24549548
24519300
24519298
24519297
24496536
24481117
24449317
24449315
24449314
24399555
24399554
24399553
24399546
24381967
24381964
24368468
24368466
24368464
24346996
24346993
24346989
24322396
24302092
24302090
24281464
24281460
24247587
24247483
24247415
24247300
24240935
24240933
24240927
24231879
24193079
24189773
24189698
24150468
24150466
24150464
24141885
24135860
24129467
24129463
24108485
24104375
24101169
24097234
24084921
24065016
24065014
24065013
24065012
24045743
24045740
24030558
24026600
24026599
23989885
23989797
23989729
23989679
23989654
23982369
23982368
23982367
23982366
23982363
23942675
23925627
23925626
23925623
23917291
23917286
23917282
23917280
23860991
23860986
23839752
23839751
23839749
23839743
23821088
23821082
23800935
23800934
23780453
23780448
23757085
23757078
23736733
23695483
23695479
23689789
23677314
23677313
23645144
23632726
23632724
23632718
23632714
23613078
23609758
23592102
23571588
23571587
23571586
23571583
23571582
23549585
23549584
23549581
23532240
23519384
23512061
23494000
23483176
23483175
23483171
23483170
23478662
23462791
23462787
23462785
23462782
23462780
23443442
23423416
23423415
23403688
23403683
23403682
23403681
23403677
23385273
23385269
23340639
23340638
23340637
23340588
23299607
23299593
23288416
23280226
23280225
23280220
23232894
23212498
23212494
23183908
23168825
23168821
23168819
23162860
23160987
23150009
23150008
23150005
23150002
23129008
23128104
23117780
23117778
23117777
23117775
23111824
23093164
23093160
23073952
23073950
23073945
23047360
23032555
23032552
23011715
23011713
22990274
22990271
22990269
22990266
22968890
22968888
22948701
22948699
22948697
22922562
22910756
22893167
22871870
22851119
22851115
22851114
22851113
22851110
22820791
22820790
22820789
22820788
22820781
22797646
22797645
22797644
22797640
22797453
22797450
22797447
22760290
22760288
22735432
22735431
22735430
22729481
22710289
22706833
22692172
22669559
22665106
22665105
22665097
22618919
22610500
22610477
22610452
22570462
22570458
22550197
22550196
22550192
22535856
22511691
22511689
22511688
22511687
22511681
22496264
22474203
22474202
22474199
22453569
22453565
22453563
22452807
22447880
22436960
22436953
22416106
22416102
22416099
22416097
22357832
22357831
22337681
22337680
22318279
22307571
22298679
22298675
22274690
22274687
22274686
22274685
22274684
22253393
22253390
22235093
22235089
22235088
22235087
22235083
22215165
22187285
22187279
22166607
22166606
22166604
22161946
22147379
22110104
22089719
22084195
22081378
22081377
22068990
22056398
22045767
22045766
22045765
22009101
22009099
21990302
21990301
21990300
21990299
21990298
21976613
21972311
21972310
21972306
21954478
21954477
21934059
21934057
21934055
21934053
21903818
21900142
21900136
21900134
21862749
21862747
21862743
21846856
21846855
21846853
21828330
21828325
21828324
21791690
21791688
21771992
21771991
21771989
21750295
21750294
21730242
21730241
21730240
21693745
21693743
21693741
21673296
21673295
21666277
21642685
21632482
21632481
21610242
21610240
21586717
21586713
21558517
21540427
21540420
21521850
21521848
21521847
21505136
21505135
21505134
21486978
21486977
21482744
21467289
21467288
21467286
21467283
21467282
21427374
21406648
21406636
21364144
21364140
21364138
21364126
21343584
21343582
21343580
21343578
21325186
21325184
21325183
21325182
21285425
21285424
21285423
21266684
21266673
21245182
21245181
21224460
21205968
21205967
21205966
21205965
21177507
21177505
21177496
21156951
21156948
21139117
21139110
21119085
21119084
21098774
21098771
21078811
21078809
21078807
21076174
21063014
21045104
21045099
21045098
21045097
21045096
20978260
20978258
20940385
20940384
20935337
20924011
20858880
20858879
20858878
20841535
20823439
20810376
20810375
20810374
20736478
20736471
20716743
20716737
20699463
20699458
20699457
20699456
20682936
20682932
20664048
20664042
20639567
20639561
20639560
20628131
20628129
20606150
20571017
20571016
20551407
20530778
20516420
20516414
20501927
20498237
20483977
20483972
20483971
20483970
20483969
20483968
20460622
20460621
20442388
20424254
20424252
20424251
20407060
20407059
20407058
20388900
20388895
20388893
20371784
20332403
20332401
20233828
20233825
20233824
20233823
20233821
20215614
20179286
20179284
20179283
20159871
20145231
20124542
20124538
20085956
20085954
20085953
20068213
20068209
20068207
20051573
20051569
20040559
20040558
20040557
20040554
20009062
20009056
20009055
19996399
19996398
19952320
19934428
19934422
19918088
19903920
19887659
19861673
19861672
19861671
19861669
19861668
19861666
19843905
19843902
19843899
19826027
19826024
19809029
19809024
19773561
19755699
19755698
19755692
19738093
19738092
19724044
19706861
19706858
19706857
19690310
19690309
19690306
19671912
19671909
19671906
19671905
19671904
19654393
19654386
19622825
19622822
19622820
19622819
19622818
19602693
19602687
19602686
19584346
19567444
19567441
19567439
19567438
19549974
19549973
19549972
19531790
19531789
19531786
19509388
19509382
19491183
19491181
19470993
19470987
19454644
19454639
19436015
19388140
19383962
19383960
19383958
19383957
19366781
19366778
19366776
19366774
19351943
19351942
19351941
19336709
19318653
19293415
19293414
19278947
19258587
19258571
19244192
19224751
19211469
19176442
19176441
19155459
19155456
19155455
19155454
19141766
19141764
19126811
19109115
19109114
19088353
19066388
19066387
19066384
19066383
19066379
19066370
19066368
19050197
19050195
19050192
19033593
19033590
19033589
19033588
19033587
19017911
19001617
18997197
18984889
18984888
18984887
18940977
18854539
18840840
18827209
18812539
18812538
18812533
18812532
18812531
18799446
18799443
18728266
18728265
18728264
18714068
18714062
18714058
18698067
18698065
18677029
18677024
18677023
18677022
18647984
18647981
18632543
18612117
18612115
18612114
18594026
18577732
18577731
18577730
18560003
18560002
18544726
18544723
18523226
18523222
18523220
18505952
18505950
18505948
18492970
18477786
18477784
18477782
18460664
18460663
18430916
18430911
18398080
18349101
18349090
18349089
18349088
18314433
18252882
18230780
18230779
18212315
18182601
18056904
17895456
17785648
17652298
17635889
17519413
17519412
17488968
17284698
17227979
17213400
17179457
17119141
17119140
17077376
17062861
17047218
17003396
16968851
16896110
16835426
16804154
16757723
16609087
16595757
16522832
16507804
16264165
16118381
16014597
15998894
15900003
15855433
15855431
15769973
15769966
15755947
15728168
15713769
15671429
15632341
15547165
15494583
15315997
15280342
15213210
15082701
14570951
14506121
14506116
12851276
12813118
12425704
12020338
11879110
11730443
11712936
11710889
11594896
11559266
11368735
11325322
11311098
11268270
10683055
9669786
7869559
7966903
8264069
1372942
1693970
2329677
2651743
2918640
2642982
3050180
3037128
3586249
3295312
21307963
3968770
6371267
6343652
781334
168416
4931428
14172276
14162136
14094295