
26175513
26174552
26154766
26075497
26000467
25983319
25976841
25917608
25811608
25757363
25745428
25652827
25288979
25266633
25091169
25063782
24944884
24928519
24894996
24726371
24610749
24492258
23946352
23864556
23825939
23818638
23779086
23703845
23630285
23370718
23007729
22854182
22739828
22689970
22579247
22576089
22519646
22514184
22505425
22451383
22367063
22198272
22156383
22139369
22131162
22126965
21847091
21746700
21562844
21554537
21549957
21461661
21357183
20951573
20948817
20814425
20729862
20729860
20713515
20630864
20554531
19933100
19924127
19407142