
25999508
25977370
25953821
25931448
25838386
25837514
25831549
25814585
25792328
25792319
25745166
25722416
25722409
25721504
25700521
25700518
25700513
25700501
25635104
25635100
25593185
25574025
25574024
25574022
25567907
25567906
25554789
25554787
25554785
25525255
25525251
25525248
25525240
25504733
25504732
25504731
25504724
25504723
25504720
25504713
25504712
25504710
25502314
25477463
25477213
25430771
25414314
25414313
25414312
25414305
25414303
25395543
25395541
25395537
25394791
25378630
25378625
25359980
25359979
25359976
25359968
25359852
25342811
25342810
25342799
25342787
25342659
25324391
25324390
25324370
25323695
25301973
25301629
25301627
25278611
25278607
25278503
25258086
25258085
25258084
25258083
25237106
25237104
25237102
25237099
25236468
25214632
25214617
25214612
25214588
25213378
25213377
25190799
25190797
25190793
25190790
25190717
25170144
25170049
25170048
25170046
25146295
25146291
25146290
25146285
25124441
25124431
25124430
25123483
25123481
25104388
25104370
25103409
25103407
25103405
25103404
25082706
25082697
25082694
25081482
25061212
25061211
25061210
25035494
25035493
25035474
25013080
25013077
25013076
25013067
25013066
25013049
25011556
24994655
24994654
24994653
24994650
24994643
24970088
24970085
24968937
24948737
24948736
24948725
24926020
24926019
24926005
24925914
24904170
24904169
24904168
24904166
24904165
24904158
24903563
24903562
24903560
24876499
24876489
24876346
24855268
24855263
24855244
24833393
24812405
24812404
24812389
24812208
24797482
24797481
24789973
24786082
24786066
24763593
24763591
24763584
24762537
24744380
24744379
24744377
24744368
24744361
24727982
24723614
24723613
24723611
24700849
24700848
24700844
24675961
24675960
24675956
24675955
24675953
24674868
24653039
24653035
24653033
24653026
24626930
24626928
24626927
24626923
24625929
24625926
24604203
24604202
24604200
24604198
24604189
24603153
24594934
24578577
24578576
24578575
24578530
24558159
24558155
24531970
24531968
24531965
24505133
24505132
24505130
24503857
24503855
24503853
24503852
24503851
24482482
24482479
24482476
24482117
24482115
24458646
24458645
24458643
24458642
24457212
24436421
24436420
24436409
24408437
24408436
24408434
24407481
24407478
24385629
24385626
24385620
24385607
24385603
24357322
24357309
24356113
24337300
24337299
24337296
24337295
24337294
24337287
24337281
24336571
24336570
24336569
24311694
24311693
24311692
24311690
24311689
24311688
24311681
24311680
24310612
24310611
24310610
24310608
24292626
24292625
24292624
24292623
24288338
24288335
24288334
24288333
24288332
24288331
24264990
24264982
24263136
24263135
24233725
24233724
24233723
24233721
24233717
24231807
24231806
24231804
24202171
24200812
24200810
24179230
24179228
24179226
24179220
24179218
24179160
24179159
24179158
24159046
24159039
24158909
24158908
24158904
24136970
24136969
24136359
24136358
24136357
24136356
24115444
24115443
24115442
24115441
24115438
24115437
24114784
24114783
24092746
24092744
24092743
24092741
24092720
24092718
24091704
24072922
24072822
24072820
24072818
23661743
24052308
24052307
24051248
24031018
24031012
24031008
24031006
24030491
24030490
24009397
24009394
24009388
23990565
23990563
23990562
23990561
23990560
23989956
23989955
23989952
23970698
23970686
23970558
23950537
23950531
23950497
23929975
23929974
23929973
23929950
23929945
23908239
23908237
23907535
23907533
23888043
23888041
23888039
23888037
23888036
23887874
23887872
23869022
23869020
23869017
23869016
23868921
23846901
23845947
23828942
23828941
23828891
23828890
23828888
23812722
23812721
23812720
23812718
23812715
23812713
23812705
23812703
23811225
23811224
23788729
23766329
23766328
23766326
23766324
23744950
23744949
23744948
23744946
23744945
23744781
23723240
23723239
23723238
23723228
23722425
23722424
23704576
23704575
23704570
23704556
23704552
23704373
23687048
23687042
23686341
23686340
23686339
23686338
23661763
23661759
23661758
23661752
23661745
23661646
23661644
23641103
23641063
23620051
23620042
23620037
23618766
23618765
23618763
23618762
23599497
23599494
23599472
23599463
23580530
23580529
23580528
23580527
23580526
23580525
23579499
23579497
23579495
23559253
23559252
23559249
23559248
23559243
23558174
23558169
23539602
23539600
23539597
23539596
23539594
23539183
23539181
23520113
23520112
23520099
23519215
23519214
23519212
23519211
23519210
23493712
23493706
23493425
23471412
23471411
23471409
23471392
23470732
23470731
23470729
23449998
23449594
23449591
23449586
23449577
23430656
23430655
23430654
23430653
23430648
23430646
23430643
23429703
23429700
23413354
23413192
23413188
23393266
23393263
23393259
23393090
23372015
23372014
23371554
23371553
23371552
23371551
23363771
23349293
23349292
23349291
23348507
23348506
23345603
23329051
23329048
23329046
23329041
23307741
23307738
23307735
23307734
23307733
23307732
23306440
23306439
23306437
23288535
23288527
23287722
23287719
23287718
23258895
23258894
23258891
23258877
23258414
23258413
23258412
23239739
23239738
23239736
23239733
23239729
23239625
23224558
23224557
23224556
23224554
23224553
23224546
23223453
23223452
23223451
23197537
23197535
23197534
23197527
23196907
23180859
23180775
23180774
23180771
23162001
23162000
23161999
23161995
23161992
23161990
23161983
23160955
23160954
23139336
23139335
23139333
23138981
23118191
23118175
23118171
23118014
23118012
23118010
23112335
23112333
23112327
23112326
23112322
23112296
23112295
23112293
23087247
23087246
23087240
23087235
23087001
23087000
23086999
23086998
23019633
23066082
23066081
23066063
23065903
23042897
23042896
23042885
23042884
23042294
23019652
23019651
23019646
23019645
23019609
22997338
22997337
22997331
22997133
22984074
22984073
22984058
22984056
22983710
22956687
22956686
22956684
22955832
22955828
22955827
22936781
22936780
22936779
22936778
22936775
22936772
22936766
22936758
22936569
22936568
22936567
22936566
22923583
22923579
22923574
22923569
22923435
22923434
22923433
22904013
22904006
22903523
22903521
22879517
22879516
22878502
22878499
22859821
22859820
22859819
22859489
22859472
22837528
22837519
22837515
22837387
22837385
22837383
22822152
22822150
22822149
22821987
22821983
22798614
22798613
22798606
22798590
22798407
22773140
22767930
22767929
22767914
22767897
22745434
22745423
22745253
22745252
22745251
22723423
22723414
22723411
22723400
22722252
22722251
22722250
22700931
22700930
22700657
22700655
22679098
22679097
22678362
22674335
22674334
22674331
22674328
22654060
22654059
22654058
22653732
22653731
22653729
22653727
22628657
22628656
22628655
22628654
22628558
22628553
22605777
22605770
22604726
22604722
22604720
22582263
22582261
22582248
22582247
22582016
22582013
22556257
22556255
22556254
22556244
22556238
22555434
22555433
22555432
22539721
22539551
22517858
22517853
22517326
22499948
22499947
22499939
22499926
22499810
22499809
22499806
22491854
22491853
22491847
22461615
22461613
22461612
22461610
22461596
22461594
22442487
22442484
22442475
22442385
22442383
22422986
22422985
22422984
22422983
22422862
22422861
22422859
22403391
22403384
22403383
22403181
22403180
22383850
22383838
22383809
22383808
22383805
22363011
22363010
22363008
22363002
22363001
22362997
22362880
22345401
22345399
22344444
22344443
22344438
22344437
22323819
22323810
22323741
22323738
22323736
22301316
22300851
22300850
22282805
22282803
22282787
22282476
22282475
22282472
22267809
22267804
22267581
22267580
22267579
22246778
22246777
22246776
22246775
22246767
22245740
22245738
22223807
22223806
22223739
22223738
22223737
22223736
22194582
22194581
22194578
22194570
22194569
22194413
22194412
25374432
22174245
22174244
22174129
22174128
22158823
22158822
22158821
22158820
22157083
22157079
22144628
22144627
22144613
22116886
22116882
22116878
22116870
22116031
22116028
22116026
22096200
22096199
22096198
22096190
22096101
22076380
22076379
22076378
22076376
22076372
22076368
22075725
22053053
22053051
22053050
22053044
22053042
22052977
22034436
22034435
22034431
22034427
22034420
22033521
22033520
22033517
22021858
22021850
22021844
22021672
22021671
21998396
21998395
21998394
21998393
21998391
21998377
21998254
21998251
21979936
21979934
21960637
21960634
21960530
21940898
21940894
21940884
21940862
21940858
21940857
21940856
21921199
21921198
21921191
21921160
21921155
21903815
21903814
21903812
21903809
21903796
21903779
21885782
21885776
21885772
21885731
21885730
21868666
21868630
21852505
21852503
21852502
21852501
21852499
21852498
21852493
21852486
21852477
21852476
21852455
21836017
21835983
21835981
21835980
21817055
21817053
21817045
21817016
21817014
21817013
21798953
21798952
21798951
21798944
21798943
21798942
21798936
21798897
21798893
21778400
21778398
21778364
21764753
21764752
21764751
21764750
21764747
21764741
21737739
21737702
21719681
21719678
21719670
21719644
21719641
21700878
21700877
21700875
21700874
21700873
21700865
21700860
21700858
21700836
21700835
21680842
21680841
21680813
21659607
21659605
21659604
21659603
21659602
21659565
21636775
21636774
21636771
21636765
21636745
21636743
21628392
21617075
21617073
21617042
21617041
21617040
21596992
21596990
21596989
21596985
21596981
21596956
21596954
21596952
21596951
21566196
21566195
21566194
21566186
21566185
21566158
21551062
21551058
21551057
21551031
21527714
21527712
21527678
21512033
21512032
21512031
21512023
21512004
21512002
21511999
21493863
21493862
21493861
21474760
21474759
21474713
21474712
21454787
21454754
21454751
21436455
21436454
21436445
21436401
21436399
21436398
21415352
21415350
21393547
21393544
21393543
21393538
21393509
21393508
21385718
21385707
21350179
21350178
21350153
21350122
21330547
21330546
21330545
21330537
21330491
21330489
21311023
21311022
21311009
21310965
21292978
21292975
21292972
21292970
21292939
21273490
21273489
21273480
21273469
21273450
21252346
21252333
21252315
21233390
21233389
21233348
21212358
21212357
21212356
21212348
21212324
21205668
21205667
21205662
21205641
21205640
21177976
21177974
21164017
21164015
21164002
21163965
21163964
21148394
21148389
21148378
21148348
21148344
21127253
21127252
21127249
21127246
21127245
21127218
21109673
21109672
21109660
21109632
21097933
21097931
21097902
21097901
21071672
21071662
21071657
21071629
21051642
21051641
21051640
21051639
21051624
21051599
21051598
21051595
21030659
21030658
21030657
21030649
21030646
21030644
21030605
21030604
20966256
20966253
20966252
20966251
20966238
20966236
20966218
20966215
20966214
20947770
20947769
20947768
20947767
20947766
20947765
20947764
20947725
20929851
20929850
20929849
20929848
20929813
20929811
20929810
20929806
20929798
20929776
20929736
20929735
20929728
20929726
20847276
20847274
20847273
20847263
20829489
20829488
20829487
20829486
20829485
20829477
20829454
20829453
20826764
20813955
20813954
20813948
20813920
20813919
20813918
20798320
20798318
20798317
20798312
20798296
20798282
20798280
20724638
20724637
20724634
20705860
20705858
20705837
20705815
20705812
20689010
20689009
20688984
20688982
20688981
20671189
20671187
20671182
20671181
20671180
20671153
20671152
20651150
20651149
20651146
20651141
20647470
20647463
20647454
20647453
20647426
20647425
20647424
20647423
20643915
20616280
20616279
20616255
20616235
20616234
20616233
20616232
20616231
20595614
20595613
20595612
20595611
20595602
20576894
20576892
20576891
20576888
20576880
20576850
20558720
20558719
20558712
20558710
20558698
20558669
20558667
20558665
20538950
20538949
20538915
20522779
20522777
20522776
20522774
20522769
20522767
20522740
20508131
20508129
20508092
20508090
20489023
20489017
20489016
20489014
20488992
20466936
20466935
20466922
20466885
20466882
20466881
20448186
20448185
20448183
20448179
20448171
20448153
20448151
20448150
20448148
20431018
20431016
20430999
20413504
20413503
20413502
20413500
20413494
20413493
20413456
20413455
20395511
20395508
20395504
20395497
20395473
20378817
20378813
20378774
20378773
20378772
20360111
20360110
20360102
20360068
20339076
20339075
20339072
20339057
20339051
20339032
20339031
20299597
20299596
20299552
20299549
20299548
20223990
20223987
20223951
20223948
20220176
20203043
20203014
20185728
20185725
20185720
20167787
20167786
20167783
20167773
20150502
20150494
20150444
20133572
20133564
20133523
20133520
20110508
20110507
20110505
20110496
20110488
20110469
20110468
20093474
20093459
20093437
20075256
20075255
20075254
20075244
20075243
20075235
20075215
20056891
20056890
20044577
20044576
20044575
20044570
20044542
20044541
20044539
20044538
20019288
20019282
20019281
20019248
20019247
20007903
20007902
20007866
20007865
20007864
19965762
19965751
19965718
19965510
19965505
19965504
19965478
19965475
19965465
19965464
19965463
19965462
19965435
19965434
19965421
19965384
19965383
19965380
19965379
19933110
19933109
19933108
19933103
19933102
19933100
19900932
19900931
19900925
19900922
19900898
19900895
19900894
19900893
19900888
19892989
19892987
19892984
19892982
19892981
19892944
19892943
19833971
19833970
19833968
19833966
19833959
19833921
19833920
19833919
19815778
19815777
19815776
19815762
19815760
19815759
19815758
19815721
19797664
19797663
19797662
19797660
19797626
19797625
19797623
19779201
19779198
19779175
19779174
19779148
19762646
19762644
19762597
19762596
19745155
19745151
19745150
19745116
19745114
19729661
19729658
19729656
19729652
19729648
19729618
19729616
19713527
19713521
19713519
19713493
19713490
19696352
19696344
19696342
19696312
19679816
19679815
19679812
19679811
19679769
19661435
19661432
19661431
19661428
19661424
19661383
19661382
19661379
19644123
19644121
19644120
19644100
19644074
19628867
19628861
19628860
19628819
19628817
19628815
19608921
19608919
19608910
19608908
19608863
19608860
19608859
19590004
19590001
19589995
19589994
19589966
19589965
19574391
19574347
19556511
19556509
19556508
19556507
19556501
19556500
19556499
19556464
19556461
19541997
19541956
19520962
19520961
19520960
19520913
19520911
19520910
19498173
19498172
19498171
19498170
19478187
19478185
19478184
19478183
19478182
19478181
19478142
19465683
19461004
19461003
19460998
19460991
19460966
19443783
19443782
19443781
19443777
19443750
19443739
19443737
19443735
19433588
19423829
19423828
19423820
19423818
19423815
19423812
19423777
19407206
19407203
19407144
19407142
19390051
19390050
19390049
19390045
19372434
19372420
19372418
19372393
19372392
19372391
19372390
19359589
19359588
19359587
19359585
19359584
19359579
19359576
19359544
19359542
19342593
19342592
19342591
19342590
19342589
19342582
19342581
19342552
19342550
19325119
19325115
19325114
19325113
19325112
19325107
19325080
19325078
19325077
19299621
19299613
19299601
19299585
19299584
19299583
19286562
19286561
19286557
19286556
19286555
19286520
19286519
19265022
19264986
19264985
19264984
19264983
19251632
19251630
19251629
19251594
19251591
19229036
19213922
19213920
19213919
19213917
19213899
19213880
19213879
19213877
22822271
19197067
19197064
19197055
19197046
19197024
19179536
19179534
19179530
19179519
19164753
19164751
19164750
19164749
19164740
19164734
19164707
19164706
19150849
19150845
19150837
19150830
19150808
19131629
19131628
19131627
19131621
19131595
19131594
19131593
19119234
19119233
19119229
19119201
19119186
19119185
19095943
19095942
19095933
19095898
19095897
19074352
19074350
19074341
19074313
19074311
19056990
19056986
19056985
19056984
19056977
19056973
19056941
19056940
19056939
19039140
19039139
19039138
19039135
19039133
19039105
19023074
19023060
19008446
19008445
19008444
19008431
19008417
19008416
18988856
18988854
18988853
18988844
18988841
18988837
18988836
18988827
18974357
18974356
18974355
18974354
18974352
18974345
18974343
18974335
18974333
18974315
18948544
18948543
18948542
18948540
18948538
18948533
18948531
18927397
18927396
18927395
18927394
18927393
18927392
18927389
18927383
18927357
18845757
18845756
18832646
18832638
18832628
18832610
18832607
18818365
18818364
18818362
18818360
18818359
18802002
18802000
18801987
18801968
18801967
18787171
18787170
18787169
18787168
18787134
18772438
18772437
18772436
18772431
18772429
18772425
18772399
18772397
18772396
18772395
18755980
18755978
18755977
18755976
18755969
18755941
18719287
18719284
18719283
18719282
18719281
18719265
18719252
18719251
18703744
18703742
18703740
18703712
18703708
18687968
18687967
18687966
18687957
18687947
18687924
18669862
18669861
18669845
18669844
18669822
18653897
18653891
18653886
18653884
18653847
18635807
18635806
18635804
18635802
18635795
18635760
18635759
18621670
18621668
18621663
18599791
18599789
18599766
18599761
18599740
18583614
18583611
18566290
18566289
18566288
18556558
18556540
18556515
18535246
18535243
18535242
18535210
18511691
18511690
18511687
18511680
18497298
18497292
18497262
18497261
18497260
18497258
18487196
18487195
18487194
18487186
18483401
18467592
18467575
18467556
18451303
18451302
18451298
18451267
18451266
18436787
18436781
18436744
18420935
18420934
18420933
18420932
18420921
18420899
18403714
18403713
18403711
18403709
18403705
18403677
18403674
18388288
18388284
18369150
18369149
18369144
18369139
18369138
18369137
18356529
18356518
18323455
18323453
18323436
18323418
18309086
18309063
18309046
18292343
18292341
18292307
18276892
18276874
18276850
18239128
18239126
18239125
18218902
18218901
18202289
18202285
18202256
18202255
18187643
18187622
18174443
18174420
18174398
18174397
18079403
18063757
18048693
18048670
18033885
18033883
18006706
18006705
17991865
17991856
17991826
17975060
17962548
17962520
17947576
17947548
17932299
17932298
17932292
17916739
17916735
17916724
17916691
17901336
17901297
17885136
17885116
17872410
17823315
17761882
17761875
17761873
17717186
17717184
17702935
17702911
17702910
17690300
17690279
17690262
17690258
17673666
17673662
17656723
17641203
17641200
17641165
17626887
17615361
17615360
17615355
17600218
17588928
17569867
17569856
17569840
17569828
17525341
17525340
17525339
17510367
17510347
17510324
17495164
17478711
17478681
17463290
17463249
17463248
17446378
17434869
17431137
17412962
17412960
17412959
17412942
17412918
17395814
17379810
17363671
17363630
17332414
17332412
17332411
17332410
17332394
17322061
17322030
17289998
17289997
17272722
17272716
17272715
17255515
17255513
17255503
17234951
17234934
17218520
17218509
17185603
17170306
17158323
17158317
17138885
17124323
17124322
17124290
17110578
17110577
17110569
17095702
17095692
17095691
17095657
17082458
17082448
17068267
17068223
17038622
17023662
17008524
16990515
16973878
16946036
16931762
16917066
16902131
16888142
16888139
16888133
16857942
16825571
16825555
16809539
16809530
16809526
16809490
16794082
16794039
16763152
16763151
16741121
16741115
16741075
16728595
16709784
16675703
16675700
16645051
16614171
16601194
16556824
16556799
16543460
16497924
16484486
16469930
16469926
16469917
16469905
16456083
16322448
16311339
16311331
16308421
16284180
16284167
16239477
16239437
16210536
16195464
16195462
16179480
16179473
16179466
16166520
16141371
16141067
16123266
16099987
16051798
16051750
16020737
16020730
16020728
15994562
15976304
15919995
15919956
15905403
15894532
15879220
15879217
15860629
15845877
15831718
15821094
15821091
15802586
15790859
15774761
15769856
15761122
15731426
15692049
15681376
15681342
15653466
15604410
15604403
15591188
15576619
15528446
15528435
15499018
15498972
15472070
15448254
15353806
15353804
15353803
15319493
15232100
15218153
15166380
15166317
15166316
15155952
15105459
15017001
15001769
14988562
14976303
14726591
14704433
14704431
14704425
14684827
14671312
14657506
14657500
14657490
14645853
14631041
14576428
14563993
14512617
14500969
14500849
12947034
12920301
12775840
12766207
12764197
12750520
12738869
12730603
12690205
12690202
12677061
12649482
12586943
12522250
12511656
12494945
12493821
12481023
12434037
12434012
12386328
12386325
12364805
12242449
12193770
12142529
12077420
12040087
12004111
11988578
11964483
11910108
11859184
11834834
11823641
11778051
11764791
11739959
11588251
11546839
11486053
11326099
11313501
11292863
11234083
11222863
11118151
11099404
11009421
11000113
10784452
10775102
10741972
10741966
10731134
10720332
10669415
10650000
10617464
10591653
10567266
10567264
10455056
10357679
10221918
10102825
10024246
9856950
9851918
9836636
9822384
9743502
9506941
9438851
9297238
9162005
9157887
9082984
9012354
8662523
8662522
8658196
8638127
8539601
7618079
7792602
7701323
7531366
7669103
8023164
8209253
8171325
8303279
8235606
1384131
1609279
1533056
1720573
1683005
2274785
2144364
1697101
2296721
2544029
2785716
2843986
2838906
3616619
3576185
3726539
3010466
2932798
2988123
17795350
3155573
6474173
6849128
7256281
6990488
7352269
331474
17756097
5043148
4904998
13624707